kinematics:
  shoulder:
    x: 0
    y: 0
    z: 0.089339930108366994
    roll: -0
    pitch: 0
    yaw: 3.7724718078991498e-06
  upper_arm:
    x: 0.00018493477531651622
    y: 0
    z: 0
    roll: 1.5690142238108795
    pitch: 0
    yaw: -0.00010801155065154334
  forearm:
    x: -0.4256055970153792
    y: 0
    z: 0
    roll: 3.1410895549896258
    pitch: 3.1383573521210102
    yaw: 3.141556756751311
  wrist_1:
    x: -0.39235676682367177
    y: -5.7087547085907078e-05
    z: 0.11093373195020706
    roll: 0.00051460940728261754
    pitch: 0.00082303245455315696
    yaw: -5.8457566688616998e-05
  wrist_2:
    x: 0.00012397048953408544
    y: -0.094859890387423595
    z: 3.7052448780400398e-05
    roll: 1.570405724963662
    pitch: 0
    yaw: -5.6861213939751063e-05
  wrist_3:
    x: -9.8550839150874747e-05
    y: 0.082553671465885103
    z: 4.9674454200491019e-05
    roll: 1.5713980498597004
    pitch: 3.1415926535897931
    yaw: -3.1415625798480797
  hash: calib_1016257947934104745
